108.00 -47.00 201.20 36.20
141.00 -59.30 201.20 36.20
137.30 -49.70 207.70 35.00
190.20 -70.40 210.40 38.30
205.70 -88.60 210.40 38.30
86.90 -74.40 220.20 38.20
156.30 -70.30 220.20 38.20
136.70 -66.60 220.20 38.20
126.40 -68.90 220.20 38.20
156.30 -44.90 198.90 40.30
125.00 -82.20 227.40 38.00
90.50 -80.20 227.40 38.00
122.40 -80.30 227.40 38.00
126.80 -82.30 227.40 38.00
172.00 -83.40 227.40 38.00
149.90 -79.30 227.40 38.00
132.70 -78.80 227.40 38.00
123.00 -74.70 227.40 38.00
140.10 -74.70 227.40 38.00
