110.20 -59.80 194.20 42.70
110.80 -42.40 201.20 36.20
129.10 -58.40 201.20 36.20
247.50 -84.30 210.40 38.30
70.70 -75.40 210.40 38.30
177.00 -79.60 220.20 38.20
31.30 -70.80 220.20 38.20
248.10 -75.30 220.20 38.20
7.30 -78.70 220.20 38.20
38.60 -77.30 220.20 38.20
181.40 -65.30 220.20 38.20
143.00 -61.60 220.20 38.20
145.10 -63.50 198.90 40.30
98.30 -51.40 199.40 40.30
107.20 -80.00 227.40 38.00
250.20 -82.00 227.40 38.00
123.70 -76.10 227.40 38.00
127.90 -73.20 227.40 38.00
153.10 -82.90 227.40 38.00
